:Data_list: 20150326_Gp_mag_1m.txt
:Created: 2015 Mar 26 0901 UTC
# Prepared by the U.S. Dept. of Commerce, NOAA, Space Weather Prediction Center
# Please send comments and suggestions to SWPC.Webmaster@noaa.gov 
# 
# Label: Hp component = perpendicular to the satellite orbital plane or
#           parallel to the Earth's spin axis
# Label: He component = perpendicular to Hp and directed earthwards
# Label: Hn component = perpendicular to both Hp and He, directed eastwards
# Label: Total Field  = 
# Units: nanotesla (nT)
# Source: GOES-13
# Location: W075
# Missing data: -1.00e+05
#
#         1-minute GOES-13 Geomagnetic Components and Total Field
#
#                 Modified Seconds
# UTC Date  Time   Julian  of the
# YR MO DA  HHMM    Day     Day        Hp          He          Hn    Total Field
#-------------------------------------------------------------------------------
2015 03 26  0000   57107      0     8.50e+01    4.82e+01   -6.80e+00    9.80e+01
2015 03 26  0001   57107     60     8.46e+01    4.81e+01   -6.41e+00    9.75e+01
2015 03 26  0002   57107    120     8.46e+01    4.82e+01   -6.13e+00    9.75e+01
2015 03 26  0003   57107    180     8.52e+01    4.81e+01   -6.52e+00    9.80e+01
2015 03 26  0004   57107    240     8.50e+01    4.81e+01   -6.77e+00    9.79e+01
2015 03 26  0005   57107    300     8.50e+01    4.70e+01   -6.97e+00    9.74e+01
2015 03 26  0006   57107    360     8.45e+01    4.74e+01   -6.37e+00    9.71e+01
2015 03 26  0007   57107    420     8.42e+01    4.70e+01   -6.07e+00    9.67e+01
2015 03 26  0008   57107    480     8.51e+01    4.72e+01   -5.94e+00    9.75e+01
2015 03 26  0009   57107    540     8.47e+01    4.69e+01   -6.04e+00    9.70e+01
2015 03 26  0010   57107    600     8.46e+01    4.70e+01   -6.96e+00    9.70e+01
2015 03 26  0011   57107    660     8.40e+01    4.71e+01   -6.97e+00    9.66e+01
2015 03 26  0012   57107    720     8.45e+01    4.68e+01   -5.99e+00    9.68e+01
2015 03 26  0013   57107    780     8.31e+01    4.66e+01   -6.08e+00    9.55e+01
2015 03 26  0014   57107    840     8.29e+01    4.70e+01   -5.99e+00    9.55e+01
2015 03 26  0015   57107    900     8.32e+01    4.71e+01   -6.25e+00    9.58e+01
2015 03 26  0016   57107    960     8.26e+01    4.76e+01   -5.25e+00    9.55e+01
2015 03 26  0017   57107   1020     8.27e+01    4.73e+01   -5.87e+00    9.55e+01
2015 03 26  0018   57107   1080     8.25e+01    4.78e+01   -5.32e+00    9.55e+01
2015 03 26  0019   57107   1140     8.31e+01    4.77e+01   -6.68e+00    9.61e+01
2015 03 26  0020   57107   1200     8.31e+01    4.81e+01   -6.89e+00    9.63e+01
2015 03 26  0021   57107   1260     8.32e+01    4.81e+01   -6.76e+00    9.63e+01
2015 03 26  0022   57107   1320     8.25e+01    4.81e+01   -6.11e+00    9.57e+01
2015 03 26  0023   57107   1380     8.28e+01    4.84e+01   -5.82e+00    9.61e+01
2015 03 26  0024   57107   1440     8.32e+01    4.82e+01   -5.57e+00    9.64e+01
2015 03 26  0025   57107   1500     8.23e+01    4.84e+01   -6.29e+00    9.57e+01
2015 03 26  0026   57107   1560     8.27e+01    4.82e+01   -6.80e+00    9.60e+01
2015 03 26  0027   57107   1620     8.25e+01    4.84e+01   -6.03e+00    9.59e+01
2015 03 26  0028   57107   1680     8.17e+01    4.88e+01   -6.14e+00    9.54e+01
2015 03 26  0029   57107   1740     8.21e+01    4.89e+01   -6.31e+00    9.58e+01
2015 03 26  0030   57107   1800     8.21e+01    4.89e+01   -6.40e+00    9.58e+01
2015 03 26  0031   57107   1860     8.21e+01    4.89e+01   -7.27e+00    9.58e+01
2015 03 26  0032   57107   1920     8.21e+01    4.90e+01   -7.82e+00    9.60e+01
2015 03 26  0033   57107   1980     8.22e+01    4.89e+01   -7.66e+00    9.59e+01
2015 03 26  0034   57107   2040     8.18e+01    4.83e+01   -7.50e+00    9.53e+01
2015 03 26  0035   57107   2100     8.14e+01    4.85e+01   -7.66e+00    9.51e+01
2015 03 26  0036   57107   2160     8.15e+01    4.90e+01   -7.41e+00    9.54e+01
2015 03 26  0037   57107   2220     8.12e+01    4.86e+01   -7.21e+00    9.49e+01
2015 03 26  0038   57107   2280     8.05e+01    4.79e+01   -7.35e+00    9.40e+01
2015 03 26  0039   57107   2340     8.01e+01    4.84e+01   -7.21e+00    9.39e+01
2015 03 26  0040   57107   2400     7.99e+01    4.86e+01   -6.26e+00    9.38e+01
2015 03 26  0041   57107   2460     7.89e+01    4.74e+01   -5.20e+00    9.22e+01
2015 03 26  0042   57107   2520     7.80e+01    4.83e+01   -6.75e+00    9.20e+01
2015 03 26  0043   57107   2580     7.84e+01    4.90e+01   -6.48e+00    9.27e+01
2015 03 26  0044   57107   2640     7.80e+01    4.92e+01   -5.08e+00    9.24e+01
2015 03 26  0045   57107   2700     7.73e+01    4.81e+01   -5.93e+00    9.13e+01
2015 03 26  0046   57107   2760     7.73e+01    4.80e+01   -6.44e+00    9.12e+01
2015 03 26  0047   57107   2820     7.75e+01    4.77e+01   -6.51e+00    9.12e+01
2015 03 26  0048   57107   2880     7.80e+01    4.70e+01   -6.53e+00    9.13e+01
2015 03 26  0049   57107   2940     7.78e+01    4.70e+01   -6.71e+00    9.12e+01
2015 03 26  0050   57107   3000     7.76e+01    4.75e+01   -6.16e+00    9.12e+01
2015 03 26  0051   57107   3060     7.77e+01    4.80e+01   -5.67e+00    9.15e+01
2015 03 26  0052   57107   3120     7.73e+01    4.87e+01   -5.42e+00    9.15e+01
2015 03 26  0053   57107   3180     7.75e+01    4.89e+01   -5.39e+00    9.18e+01
2015 03 26  0054   57107   3240     7.71e+01    4.84e+01   -5.82e+00    9.12e+01
2015 03 26  0055   57107   3300     7.64e+01    4.82e+01   -6.56e+00    9.05e+01
2015 03 26  0056   57107   3360     7.68e+01    4.85e+01   -6.70e+00    9.11e+01
2015 03 26  0057   57107   3420     7.71e+01    4.86e+01   -6.85e+00    9.14e+01
2015 03 26  0058   57107   3480     7.73e+01    4.88e+01   -6.68e+00    9.17e+01
2015 03 26  0059   57107   3540     7.65e+01    4.88e+01   -6.67e+00    9.10e+01
2015 03 26  0100   57107   3600     7.68e+01    4.88e+01   -7.07e+00    9.12e+01
2015 03 26  0101   57107   3660     7.71e+01    4.88e+01   -7.25e+00    9.15e+01
2015 03 26  0102   57107   3720     7.71e+01    4.87e+01   -7.47e+00    9.15e+01
2015 03 26  0103   57107   3780     7.76e+01    4.88e+01   -7.53e+00    9.20e+01
2015 03 26  0104   57107   3840     7.74e+01    4.84e+01   -7.54e+00    9.16e+01
2015 03 26  0105   57107   3900     7.78e+01    4.86e+01   -7.70e+00    9.20e+01
2015 03 26  0106   57107   3960     7.73e+01    4.86e+01   -7.18e+00    9.15e+01
2015 03 26  0107   57107   4020     7.76e+01    4.86e+01   -7.17e+00    9.19e+01
2015 03 26  0108   57107   4080     7.80e+01    4.82e+01   -7.24e+00    9.20e+01
2015 03 26  0109   57107   4140     7.83e+01    4.84e+01   -7.03e+00    9.23e+01
2015 03 26  0110   57107   4200     7.83e+01    4.80e+01   -6.70e+00    9.21e+01
2015 03 26  0111   57107   4260     7.83e+01    4.77e+01   -6.36e+00    9.19e+01
2015 03 26  0112   57107   4320     7.84e+01    4.72e+01   -6.63e+00    9.17e+01
2015 03 26  0113   57107   4380     7.82e+01    4.73e+01   -6.59e+00    9.16e+01
2015 03 26  0114   57107   4440     7.86e+01    4.69e+01   -6.65e+00    9.17e+01
2015 03 26  0115   57107   4500     7.85e+01    4.71e+01   -6.63e+00    9.18e+01
2015 03 26  0116   57107   4560     7.89e+01    4.73e+01   -6.32e+00    9.22e+01
2015 03 26  0117   57107   4620     7.88e+01    4.69e+01   -6.54e+00    9.19e+01
2015 03 26  0118   57107   4680     7.89e+01    4.68e+01   -6.69e+00    9.20e+01
2015 03 26  0119   57107   4740     7.84e+01    4.67e+01   -6.83e+00    9.15e+01
2015 03 26  0120   57107   4800     7.84e+01    4.66e+01   -6.64e+00    9.14e+01
2015 03 26  0121   57107   4860     7.82e+01    4.65e+01   -6.50e+00    9.12e+01
2015 03 26  0122   57107   4920     7.87e+01    4.66e+01   -6.45e+00    9.17e+01
2015 03 26  0123   57107   4980     7.88e+01    4.66e+01   -6.28e+00    9.18e+01
2015 03 26  0124   57107   5040     7.85e+01    4.64e+01   -6.48e+00    9.14e+01
2015 03 26  0125   57107   5100     7.84e+01    4.65e+01   -6.79e+00    9.14e+01
2015 03 26  0126   57107   5160     7.78e+01    4.61e+01   -6.65e+00    9.07e+01
2015 03 26  0127   57107   5220     7.80e+01    4.61e+01   -6.55e+00    9.09e+01
2015 03 26  0128   57107   5280     7.78e+01    4.64e+01   -6.27e+00    9.09e+01
2015 03 26  0129   57107   5340     7.79e+01    4.67e+01   -6.25e+00    9.10e+01
2015 03 26  0130   57107   5400     7.75e+01    4.66e+01   -6.28e+00    9.06e+01
2015 03 26  0131   57107   5460     7.81e+01    4.72e+01   -6.83e+00    9.15e+01
2015 03 26  0132   57107   5520     7.81e+01    4.77e+01   -6.97e+00    9.18e+01
2015 03 26  0133   57107   5580     7.82e+01    4.86e+01   -7.14e+00    9.24e+01
2015 03 26  0134   57107   5640     7.79e+01    4.91e+01   -6.93e+00    9.23e+01
2015 03 26  0135   57107   5700     7.74e+01    4.91e+01   -6.99e+00    9.20e+01
2015 03 26  0136   57107   5760     7.77e+01    4.94e+01   -6.90e+00    9.23e+01
2015 03 26  0137   57107   5820     7.77e+01    4.97e+01   -6.97e+00    9.25e+01
2015 03 26  0138   57107   5880     7.74e+01    4.92e+01   -7.42e+00    9.20e+01
2015 03 26  0139   57107   5940     7.72e+01    4.92e+01   -7.31e+00    9.18e+01
2015 03 26  0140   57107   6000     7.72e+01    4.87e+01   -7.19e+00    9.16e+01
2015 03 26  0141   57107   6060     7.73e+01    4.83e+01   -7.16e+00    9.14e+01
2015 03 26  0142   57107   6120     7.74e+01    4.79e+01   -7.14e+00    9.13e+01
2015 03 26  0143   57107   6180     7.83e+01    4.79e+01   -7.05e+00    9.20e+01
2015 03 26  0144   57107   6240     7.81e+01    4.75e+01   -6.50e+00    9.17e+01
2015 03 26  0145   57107   6300     7.74e+01    4.72e+01   -5.74e+00    9.08e+01
2015 03 26  0146   57107   6360     7.76e+01    4.70e+01   -5.92e+00    9.09e+01
2015 03 26  0147   57107   6420     7.69e+01    4.68e+01   -5.88e+00    9.02e+01
2015 03 26  0148   57107   6480     7.61e+01    4.65e+01   -5.78e+00    8.94e+01
2015 03 26  0149   57107   6540     7.68e+01    4.69e+01   -5.84e+00    9.02e+01
2015 03 26  0150   57107   6600     7.59e+01    4.63e+01   -5.78e+00    8.91e+01
2015 03 26  0151   57107   6660     7.59e+01    4.62e+01   -5.54e+00    8.90e+01
2015 03 26  0152   57107   6720     7.57e+01    4.60e+01   -5.60e+00    8.87e+01
2015 03 26  0153   57107   6780     7.59e+01    4.62e+01   -5.69e+00    8.91e+01
2015 03 26  0154   57107   6840     7.59e+01    4.61e+01   -5.64e+00    8.90e+01
2015 03 26  0155   57107   6900     7.58e+01    4.63e+01   -5.61e+00    8.90e+01
2015 03 26  0156   57107   6960     7.53e+01    4.64e+01   -5.47e+00    8.86e+01
2015 03 26  0157   57107   7020     7.59e+01    4.70e+01   -5.53e+00    8.94e+01
2015 03 26  0158   57107   7080     7.61e+01    4.74e+01   -5.77e+00    8.98e+01
2015 03 26  0159   57107   7140     7.60e+01    4.79e+01   -5.92e+00    9.00e+01
2015 03 26  0200   57107   7200     7.61e+01    4.84e+01   -5.85e+00    9.03e+01
2015 03 26  0201   57107   7260     7.62e+01    4.87e+01   -6.34e+00    9.06e+01
2015 03 26  0202   57107   7320     7.64e+01    4.89e+01   -6.33e+00    9.09e+01
2015 03 26  0203   57107   7380     7.67e+01    4.90e+01   -6.65e+00    9.13e+01
2015 03 26  0204   57107   7440     7.70e+01    4.90e+01   -7.09e+00    9.15e+01
2015 03 26  0205   57107   7500     7.70e+01    4.89e+01   -7.18e+00    9.15e+01
2015 03 26  0206   57107   7560     7.61e+01    4.89e+01   -6.56e+00    9.06e+01
2015 03 26  0207   57107   7620     7.53e+01    4.85e+01   -5.92e+00    8.98e+01
2015 03 26  0208   57107   7680     7.48e+01    4.84e+01   -5.69e+00    8.92e+01
2015 03 26  0209   57107   7740     7.50e+01    4.86e+01   -5.76e+00    8.96e+01
2015 03 26  0210   57107   7800     7.49e+01    4.88e+01   -5.89e+00    8.96e+01
2015 03 26  0211   57107   7860     7.47e+01    4.88e+01   -5.69e+00    8.94e+01
2015 03 26  0212   57107   7920     7.45e+01    4.87e+01   -5.88e+00    8.92e+01
2015 03 26  0213   57107   7980     7.42e+01    4.85e+01   -6.14e+00    8.89e+01
2015 03 26  0214   57107   8040     7.45e+01    4.86e+01   -5.92e+00    8.92e+01
2015 03 26  0215   57107   8100     7.41e+01    4.85e+01   -5.77e+00    8.88e+01
2015 03 26  0216   57107   8160     7.37e+01    4.84e+01   -5.84e+00    8.84e+01
2015 03 26  0217   57107   8220     7.39e+01    4.85e+01   -5.54e+00    8.86e+01
2015 03 26  0218   57107   8280     7.40e+01    4.87e+01   -5.46e+00    8.87e+01
2015 03 26  0219   57107   8340     7.42e+01    4.85e+01   -5.64e+00    8.89e+01
2015 03 26  0220   57107   8400     7.43e+01    4.83e+01   -5.85e+00    8.88e+01
2015 03 26  0221   57107   8460     7.43e+01    4.86e+01   -5.94e+00    8.90e+01
2015 03 26  0222   57107   8520     7.42e+01    4.87e+01   -5.95e+00    8.89e+01
2015 03 26  0223   57107   8580     7.42e+01    4.85e+01   -6.34e+00    8.89e+01
2015 03 26  0224   57107   8640     7.45e+01    4.86e+01   -6.39e+00    8.92e+01
2015 03 26  0225   57107   8700     7.44e+01    4.87e+01   -6.32e+00    8.91e+01
2015 03 26  0226   57107   8760     7.45e+01    4.87e+01   -6.40e+00    8.93e+01
2015 03 26  0227   57107   8820     7.44e+01    4.87e+01   -6.31e+00    8.91e+01
2015 03 26  0228   57107   8880     7.48e+01    4.92e+01   -6.26e+00    8.97e+01
2015 03 26  0229   57107   8940     7.49e+01    4.94e+01   -6.38e+00    9.00e+01
2015 03 26  0230   57107   9000     7.48e+01    4.94e+01   -6.32e+00    8.98e+01
2015 03 26  0231   57107   9060     7.51e+01    4.94e+01   -6.37e+00    9.01e+01
2015 03 26  0232   57107   9120     7.53e+01    4.93e+01   -6.52e+00    9.02e+01
2015 03 26  0233   57107   9180     7.56e+01    4.91e+01   -6.07e+00    9.03e+01
2015 03 26  0234   57107   9240     7.54e+01    4.90e+01   -6.22e+00    9.01e+01
2015 03 26  0235   57107   9300     7.54e+01    4.90e+01   -6.06e+00    9.01e+01
2015 03 26  0236   57107   9360     7.52e+01    4.90e+01   -6.04e+00    9.00e+01
2015 03 26  0237   57107   9420     7.47e+01    4.91e+01   -6.11e+00    8.96e+01
2015 03 26  0238   57107   9480     7.46e+01    4.91e+01   -5.93e+00    8.95e+01
2015 03 26  0239   57107   9540     7.44e+01    4.93e+01   -6.06e+00    8.95e+01
2015 03 26  0240   57107   9600     7.42e+01    4.96e+01   -6.02e+00    8.94e+01
2015 03 26  0241   57107   9660     7.45e+01    4.99e+01   -6.11e+00    8.98e+01
2015 03 26  0242   57107   9720     7.44e+01    5.00e+01   -6.08e+00    8.98e+01
2015 03 26  0243   57107   9780     7.44e+01    5.00e+01   -6.15e+00    8.98e+01
2015 03 26  0244   57107   9840     7.44e+01    5.00e+01   -6.19e+00    8.98e+01
2015 03 26  0245   57107   9900     7.42e+01    5.00e+01   -6.13e+00    8.97e+01
2015 03 26  0246   57107   9960     7.41e+01    4.98e+01   -6.14e+00    8.95e+01
2015 03 26  0247   57107  10020     7.40e+01    4.97e+01   -6.21e+00    8.94e+01
2015 03 26  0248   57107  10080     7.44e+01    4.97e+01   -6.47e+00    8.97e+01
2015 03 26  0249   57107  10140     7.42e+01    4.95e+01   -6.36e+00    8.94e+01
2015 03 26  0250   57107  10200     7.45e+01    4.93e+01   -6.38e+00    8.96e+01
2015 03 26  0251   57107  10260     7.46e+01    4.93e+01   -6.24e+00    8.97e+01
2015 03 26  0252   57107  10320     7.49e+01    4.94e+01   -6.36e+00    9.00e+01
2015 03 26  0253   57107  10380     7.49e+01    4.96e+01   -6.18e+00    9.01e+01
2015 03 26  0254   57107  10440     7.51e+01    4.95e+01   -5.98e+00    9.01e+01
2015 03 26  0255   57107  10500     7.53e+01    4.94e+01   -5.77e+00    9.02e+01
2015 03 26  0256   57107  10560     7.54e+01    4.93e+01   -5.34e+00    9.03e+01
2015 03 26  0257   57107  10620     7.56e+01    4.91e+01   -5.25e+00    9.03e+01
2015 03 26  0258   57107  10680     7.57e+01    4.88e+01   -4.94e+00    9.02e+01
2015 03 26  0259   57107  10740     7.60e+01    4.84e+01   -4.76e+00    9.02e+01
2015 03 26  0300   57107  10800     7.64e+01    4.83e+01   -4.86e+00    9.05e+01
2015 03 26  0301   57107  10860     7.65e+01    4.81e+01   -4.85e+00    9.05e+01
2015 03 26  0302   57107  10920     7.63e+01    4.82e+01   -4.89e+00    9.04e+01
2015 03 26  0303   57107  10980     7.60e+01    4.82e+01   -4.88e+00    9.01e+01
2015 03 26  0304   57107  11040     7.57e+01    4.82e+01   -4.90e+00    8.99e+01
2015 03 26  0305   57107  11100     7.55e+01    4.83e+01   -5.00e+00    8.98e+01
2015 03 26  0306   57107  11160     7.54e+01    4.84e+01   -5.08e+00    8.97e+01
2015 03 26  0307   57107  11220     7.54e+01    4.85e+01   -5.02e+00    8.98e+01
2015 03 26  0308   57107  11280     7.53e+01    4.86e+01   -4.95e+00    8.97e+01
2015 03 26  0309   57107  11340     7.49e+01    4.85e+01   -4.87e+00    8.94e+01
2015 03 26  0310   57107  11400     7.47e+01    4.87e+01   -4.79e+00    8.93e+01
2015 03 26  0311   57107  11460     7.44e+01    4.87e+01   -4.64e+00    8.90e+01
2015 03 26  0312   57107  11520     7.43e+01    4.88e+01   -4.58e+00    8.91e+01
2015 03 26  0313   57107  11580     7.43e+01    4.90e+01   -4.41e+00    8.91e+01
2015 03 26  0314   57107  11640     7.41e+01    4.89e+01   -4.17e+00    8.89e+01
2015 03 26  0315   57107  11700     7.41e+01    4.89e+01   -4.19e+00    8.89e+01
2015 03 26  0316   57107  11760     7.41e+01    4.91e+01   -4.35e+00    8.90e+01
2015 03 26  0317   57107  11820     7.42e+01    4.94e+01   -4.36e+00    8.92e+01
2015 03 26  0318   57107  11880     7.40e+01    4.94e+01   -4.48e+00    8.91e+01
2015 03 26  0319   57107  11940     7.38e+01    4.93e+01   -4.43e+00    8.89e+01
2015 03 26  0320   57107  12000     7.35e+01    4.92e+01   -4.41e+00    8.86e+01
2015 03 26  0321   57107  12060     7.32e+01    4.91e+01   -4.44e+00    8.83e+01
2015 03 26  0322   57107  12120     7.30e+01    4.91e+01   -4.31e+00    8.81e+01
2015 03 26  0323   57107  12180     7.27e+01    4.91e+01   -4.14e+00    8.78e+01
2015 03 26  0324   57107  12240     7.25e+01    4.90e+01   -4.22e+00    8.76e+01
2015 03 26  0325   57107  12300     7.26e+01    4.92e+01   -4.27e+00    8.78e+01
2015 03 26  0326   57107  12360     7.25e+01    4.93e+01   -4.27e+00    8.78e+01
2015 03 26  0327   57107  12420     7.25e+01    4.95e+01   -4.22e+00    8.78e+01
2015 03 26  0328   57107  12480     7.22e+01    4.94e+01   -4.20e+00    8.76e+01
2015 03 26  0329   57107  12540     7.20e+01    4.95e+01   -4.33e+00    8.75e+01
2015 03 26  0330   57107  12600     7.20e+01    4.96e+01   -4.31e+00    8.75e+01
2015 03 26  0331   57107  12660     7.18e+01    4.96e+01   -4.19e+00    8.74e+01
2015 03 26  0332   57107  12720     7.18e+01    4.96e+01   -4.19e+00    8.74e+01
2015 03 26  0333   57107  12780     7.18e+01    4.96e+01   -4.25e+00    8.73e+01
2015 03 26  0334   57107  12840     7.16e+01    4.95e+01   -4.23e+00    8.71e+01
2015 03 26  0335   57107  12900     7.15e+01    4.93e+01   -4.16e+00    8.70e+01
2015 03 26  0336   57107  12960     7.13e+01    4.92e+01   -4.04e+00    8.68e+01
2015 03 26  0337   57107  13020     7.14e+01    4.93e+01   -4.11e+00    8.69e+01
2015 03 26  0338   57107  13080     7.15e+01    4.92e+01   -4.09e+00    8.69e+01
2015 03 26  0339   57107  13140     7.15e+01    4.91e+01   -4.00e+00    8.68e+01
2015 03 26  0340   57107  13200     7.14e+01    4.89e+01   -4.03e+00    8.67e+01
2015 03 26  0341   57107  13260     7.13e+01    4.89e+01   -4.09e+00    8.66e+01
2015 03 26  0342   57107  13320     7.14e+01    4.91e+01   -4.23e+00    8.67e+01
2015 03 26  0343   57107  13380     7.13e+01    4.91e+01   -4.22e+00    8.67e+01
2015 03 26  0344   57107  13440     7.13e+01    4.91e+01   -4.11e+00    8.66e+01
2015 03 26  0345   57107  13500     7.11e+01    4.91e+01   -3.95e+00    8.65e+01
2015 03 26  0346   57107  13560     7.10e+01    4.91e+01   -3.88e+00    8.65e+01
2015 03 26  0347   57107  13620     7.12e+01    4.92e+01   -3.88e+00    8.66e+01
2015 03 26  0348   57107  13680     7.13e+01    4.93e+01   -3.85e+00    8.67e+01
2015 03 26  0349   57107  13740     7.13e+01    4.94e+01   -3.80e+00    8.68e+01
2015 03 26  0350   57107  13800     7.13e+01    4.94e+01   -3.80e+00    8.68e+01
2015 03 26  0351   57107  13860     7.12e+01    4.94e+01   -3.79e+00    8.67e+01
2015 03 26  0352   57107  13920     7.13e+01    4.95e+01   -3.90e+00    8.69e+01
2015 03 26  0353   57107  13980     7.13e+01    4.97e+01   -3.97e+00    8.70e+01
2015 03 26  0354   57107  14040     7.13e+01    4.99e+01   -4.01e+00    8.71e+01
2015 03 26  0355   57107  14100     7.13e+01    5.00e+01   -4.04e+00    8.72e+01
2015 03 26  0356   57107  14160     7.12e+01    5.02e+01   -4.05e+00    8.72e+01
2015 03 26  0357   57107  14220     7.12e+01    5.02e+01   -4.11e+00    8.72e+01
2015 03 26  0358   57107  14280     7.11e+01    5.02e+01   -4.09e+00    8.72e+01
2015 03 26  0359   57107  14340     7.10e+01    5.02e+01   -4.02e+00    8.71e+01
2015 03 26  0400   57107  14400     7.10e+01    5.00e+01   -3.98e+00    8.69e+01
2015 03 26  0401   57107  14460     7.07e+01    4.99e+01   -3.93e+00    8.66e+01
2015 03 26  0402   57107  14520     7.06e+01    4.98e+01   -3.93e+00    8.64e+01
2015 03 26  0403   57107  14580     7.04e+01    4.97e+01   -3.90e+00    8.62e+01
2015 03 26  0404   57107  14640     7.03e+01    4.96e+01   -3.88e+00    8.62e+01
2015 03 26  0405   57107  14700     7.03e+01    4.95e+01   -3.81e+00    8.60e+01
2015 03 26  0406   57107  14760     7.02e+01    4.95e+01   -3.71e+00    8.60e+01
2015 03 26  0407   57107  14820     7.01e+01    4.95e+01   -3.65e+00    8.59e+01
2015 03 26  0408   57107  14880     7.00e+01    4.94e+01   -3.42e+00    8.57e+01
2015 03 26  0409   57107  14940     6.98e+01    4.95e+01   -3.27e+00    8.56e+01
2015 03 26  0410   57107  15000     6.96e+01    4.95e+01   -3.09e+00    8.55e+01
2015 03 26  0411   57107  15060     6.95e+01    4.95e+01   -2.87e+00    8.53e+01
2015 03 26  0412   57107  15120     6.94e+01    4.97e+01   -2.74e+00    8.54e+01
2015 03 26  0413   57107  15180     6.95e+01    4.99e+01   -2.64e+00    8.56e+01
2015 03 26  0414   57107  15240     6.94e+01    5.01e+01   -2.56e+00    8.57e+01
2015 03 26  0415   57107  15300     6.96e+01    5.03e+01   -2.61e+00    8.59e+01
2015 03 26  0416   57107  15360     6.96e+01    5.03e+01   -2.50e+00    8.59e+01
2015 03 26  0417   57107  15420     6.95e+01    5.03e+01   -2.48e+00    8.58e+01
2015 03 26  0418   57107  15480     6.94e+01    5.05e+01   -2.43e+00    8.58e+01
2015 03 26  0419   57107  15540     6.94e+01    5.07e+01   -2.47e+00    8.60e+01
2015 03 26  0420   57107  15600     6.93e+01    5.06e+01   -2.39e+00    8.58e+01
2015 03 26  0421   57107  15660     6.91e+01    5.05e+01   -2.16e+00    8.56e+01
2015 03 26  0422   57107  15720     6.90e+01    5.06e+01   -2.35e+00    8.56e+01
2015 03 26  0423   57107  15780     6.88e+01    5.06e+01   -2.14e+00    8.55e+01
2015 03 26  0424   57107  15840     6.87e+01    5.07e+01   -2.43e+00    8.55e+01
2015 03 26  0425   57107  15900     6.85e+01    5.08e+01   -2.45e+00    8.54e+01
2015 03 26  0426   57107  15960     6.84e+01    5.09e+01   -2.51e+00    8.53e+01
2015 03 26  0427   57107  16020     6.79e+01    5.11e+01   -2.62e+00    8.50e+01
2015 03 26  0428   57107  16080     6.75e+01    5.12e+01   -2.55e+00    8.48e+01
2015 03 26  0429   57107  16140     6.71e+01    5.12e+01   -2.75e+00    8.45e+01
2015 03 26  0430   57107  16200     6.70e+01    5.10e+01   -2.81e+00    8.42e+01
2015 03 26  0431   57107  16260     6.68e+01    5.11e+01   -2.79e+00    8.42e+01
2015 03 26  0432   57107  16320     6.67e+01    5.11e+01   -2.85e+00    8.41e+01
2015 03 26  0433   57107  16380     6.66e+01    5.11e+01   -2.52e+00    8.40e+01
2015 03 26  0434   57107  16440     6.64e+01    5.13e+01   -2.49e+00    8.39e+01
2015 03 26  0435   57107  16500     6.60e+01    5.12e+01   -2.46e+00    8.36e+01
2015 03 26  0436   57107  16560     6.58e+01    5.12e+01   -2.29e+00    8.34e+01
2015 03 26  0437   57107  16620     6.59e+01    5.09e+01   -2.63e+00    8.33e+01
2015 03 26  0438   57107  16680     6.60e+01    5.01e+01   -3.18e+00    8.29e+01
2015 03 26  0439   57107  16740     6.62e+01    5.00e+01   -2.82e+00    8.30e+01
2015 03 26  0440   57107  16800     6.61e+01    4.99e+01   -4.17e+00    8.29e+01
2015 03 26  0441   57107  16860     6.48e+01    4.86e+01   -5.52e+00    8.13e+01
2015 03 26  0442   57107  16920     6.55e+01    4.92e+01   -4.80e+00    8.20e+01
2015 03 26  0443   57107  16980     6.58e+01    4.88e+01   -6.32e+00    8.22e+01
2015 03 26  0444   57107  17040     6.56e+01    4.80e+01   -6.56e+00    8.16e+01
2015 03 26  0445   57107  17100     6.60e+01    4.83e+01   -5.41e+00    8.19e+01
2015 03 26  0446   57107  17160     6.44e+01    4.77e+01   -7.93e+00    8.05e+01
2015 03 26  0447   57107  17220     6.54e+01    4.85e+01   -6.62e+00    8.17e+01
2015 03 26  0448   57107  17280     6.40e+01    4.78e+01   -6.47e+00    8.01e+01
2015 03 26  0449   57107  17340     6.43e+01    4.79e+01   -5.77e+00    8.04e+01
2015 03 26  0450   57107  17400     6.52e+01    4.84e+01   -4.22e+00    8.14e+01
2015 03 26  0451   57107  17460     6.49e+01    4.84e+01   -4.11e+00    8.11e+01
2015 03 26  0452   57107  17520     6.44e+01    4.80e+01   -3.84e+00    8.05e+01
2015 03 26  0453   57107  17580     6.45e+01    4.77e+01   -4.22e+00    8.04e+01
2015 03 26  0454   57107  17640     6.51e+01    4.81e+01   -3.71e+00    8.10e+01
2015 03 26  0455   57107  17700     6.45e+01    4.83e+01   -4.67e+00    8.07e+01
2015 03 26  0456   57107  17760     6.60e+01    4.92e+01   -3.53e+00    8.24e+01
2015 03 26  0457   57107  17820     6.59e+01    4.92e+01   -4.12e+00    8.23e+01
2015 03 26  0458   57107  17880     6.68e+01    4.94e+01   -4.02e+00    8.31e+01
2015 03 26  0459   57107  17940     6.76e+01    4.98e+01   -3.79e+00    8.41e+01
2015 03 26  0500   57107  18000     6.71e+01    5.00e+01   -4.04e+00    8.38e+01
2015 03 26  0501   57107  18060     6.74e+01    5.02e+01   -3.84e+00    8.41e+01
2015 03 26  0502   57107  18120     6.73e+01    5.04e+01   -4.04e+00    8.42e+01
2015 03 26  0503   57107  18180     6.74e+01    5.07e+01   -3.32e+00    8.44e+01
2015 03 26  0504   57107  18240     6.73e+01    5.12e+01   -3.90e+00    8.46e+01
2015 03 26  0505   57107  18300     6.76e+01    5.20e+01   -2.97e+00    8.53e+01
2015 03 26  0506   57107  18360     6.81e+01    5.25e+01   -3.35e+00    8.60e+01
2015 03 26  0507   57107  18420     6.79e+01    5.28e+01   -2.46e+00    8.61e+01
2015 03 26  0508   57107  18480     6.76e+01    5.24e+01   -3.20e+00    8.56e+01
2015 03 26  0509   57107  18540     6.79e+01    5.27e+01   -2.37e+00    8.59e+01
2015 03 26  0510   57107  18600     6.79e+01    5.26e+01   -3.48e+00    8.60e+01
2015 03 26  0511   57107  18660     6.85e+01    5.26e+01   -2.39e+00    8.64e+01
2015 03 26  0512   57107  18720     6.85e+01    5.25e+01   -3.28e+00    8.64e+01
2015 03 26  0513   57107  18780     6.84e+01    5.23e+01   -2.20e+00    8.61e+01
2015 03 26  0514   57107  18840     6.86e+01    5.21e+01   -2.42e+00    8.62e+01
2015 03 26  0515   57107  18900     6.86e+01    5.21e+01   -2.11e+00    8.62e+01
2015 03 26  0516   57107  18960     6.87e+01    5.19e+01   -1.91e+00    8.62e+01
2015 03 26  0517   57107  19020     6.89e+01    5.19e+01   -1.67e+00    8.62e+01
2015 03 26  0518   57107  19080     6.87e+01    5.16e+01   -1.91e+00    8.59e+01
2015 03 26  0519   57107  19140     6.86e+01    5.16e+01   -1.64e+00    8.59e+01
2015 03 26  0520   57107  19200     6.71e+01    5.12e+01   -1.78e+00    8.44e+01
2015 03 26  0521   57107  19260     6.58e+01    5.09e+01   -9.00e-01    8.32e+01
2015 03 26  0522   57107  19320     6.60e+01    5.16e+01   -1.16e+00    8.38e+01
2015 03 26  0523   57107  19380     6.66e+01    5.24e+01   -8.30e-01    8.48e+01
2015 03 26  0524   57107  19440     6.71e+01    5.26e+01   -1.32e+00    8.53e+01
2015 03 26  0525   57107  19500     6.77e+01    5.17e+01   -1.37e+00    8.52e+01
2015 03 26  0526   57107  19560     6.77e+01    5.10e+01   -2.11e+00    8.48e+01
2015 03 26  0527   57107  19620     6.80e+01    5.08e+01   -2.42e+00    8.49e+01
2015 03 26  0528   57107  19680     6.82e+01    5.09e+01   -2.50e+00    8.51e+01
2015 03 26  0529   57107  19740     6.79e+01    5.04e+01   -2.62e+00    8.46e+01
2015 03 26  0530   57107  19800     6.83e+01    4.98e+01   -2.36e+00    8.45e+01
2015 03 26  0531   57107  19860     6.82e+01    4.93e+01   -3.10e+00    8.42e+01
2015 03 26  0532   57107  19920     6.81e+01    4.89e+01   -2.26e+00    8.39e+01
2015 03 26  0533   57107  19980     6.77e+01    4.84e+01   -2.99e+00    8.33e+01
2015 03 26  0534   57107  20040     6.77e+01    4.83e+01   -2.39e+00    8.32e+01
2015 03 26  0535   57107  20100     6.79e+01    4.81e+01   -2.91e+00    8.32e+01
2015 03 26  0536   57107  20160     6.79e+01    4.81e+01   -2.65e+00    8.32e+01
2015 03 26  0537   57107  20220     6.76e+01    4.82e+01   -2.10e+00    8.31e+01
2015 03 26  0538   57107  20280     6.75e+01    4.85e+01   -2.68e+00    8.31e+01
2015 03 26  0539   57107  20340     6.78e+01    4.88e+01   -1.64e+00    8.36e+01
2015 03 26  0540   57107  20400     6.80e+01    4.90e+01   -1.93e+00    8.39e+01
2015 03 26  0541   57107  20460     6.75e+01    4.87e+01   -1.04e+00    8.33e+01
2015 03 26  0542   57107  20520     6.73e+01    4.90e+01   -1.60e+00    8.32e+01
2015 03 26  0543   57107  20580     6.70e+01    4.93e+01   -1.15e+00    8.32e+01
2015 03 26  0544   57107  20640     6.69e+01    4.96e+01   -1.33e+00    8.33e+01
2015 03 26  0545   57107  20700     6.70e+01    4.96e+01   -1.17e+00    8.34e+01
2015 03 26  0546   57107  20760     6.72e+01    5.01e+01   -1.08e+00    8.38e+01
2015 03 26  0547   57107  20820     6.73e+01    5.03e+01   -9.13e-01    8.40e+01
2015 03 26  0548   57107  20880     6.72e+01    5.05e+01   -6.51e-01    8.41e+01
2015 03 26  0549   57107  20940     6.68e+01    5.03e+01   -7.81e-01    8.37e+01
2015 03 26  0550   57107  21000     6.64e+01    5.02e+01   -8.41e-01    8.33e+01
2015 03 26  0551   57107  21060     6.63e+01    5.02e+01   -7.20e-01    8.32e+01
2015 03 26  0552   57107  21120     6.63e+01    5.02e+01   -3.23e-01    8.32e+01
2015 03 26  0553   57107  21180     6.66e+01    5.02e+01    8.04e-03    8.33e+01
2015 03 26  0554   57107  21240     6.61e+01    4.98e+01    1.86e-01    8.28e+01
2015 03 26  0555   57107  21300     6.60e+01    4.97e+01   -1.37e-01    8.26e+01
2015 03 26  0556   57107  21360     6.59e+01    4.96e+01   -2.33e-01    8.25e+01
2015 03 26  0557   57107  21420     6.59e+01    4.96e+01   -6.06e-01    8.25e+01
2015 03 26  0558   57107  21480     6.57e+01    4.93e+01   -8.13e-01    8.21e+01
2015 03 26  0559   57107  21540     6.58e+01    4.93e+01   -1.07e+00    8.23e+01
2015 03 26  0600   57107  21600     6.59e+01    4.95e+01   -9.51e-01    8.24e+01
2015 03 26  0601   57107  21660     6.62e+01    4.97e+01   -1.29e+00    8.28e+01
2015 03 26  0602   57107  21720     6.64e+01    4.98e+01   -1.16e+00    8.30e+01
2015 03 26  0603   57107  21780     6.61e+01    4.97e+01   -9.57e-01    8.27e+01
2015 03 26  0604   57107  21840     6.63e+01    4.96e+01   -1.12e+00    8.28e+01
2015 03 26  0605   57107  21900     6.62e+01    4.95e+01   -1.12e+00    8.27e+01
2015 03 26  0606   57107  21960     6.64e+01    4.96e+01   -1.22e+00    8.29e+01
2015 03 26  0607   57107  22020     6.62e+01    4.99e+01   -1.08e+00    8.29e+01
2015 03 26  0608   57107  22080     6.57e+01    5.00e+01   -1.31e+00    8.26e+01
2015 03 26  0609   57107  22140     6.61e+01    5.02e+01   -1.54e+00    8.31e+01
2015 03 26  0610   57107  22200     6.62e+01    5.01e+01   -2.15e+00    8.30e+01
2015 03 26  0611   57107  22260     6.62e+01    5.03e+01   -8.52e-01    8.31e+01
2015 03 26  0612   57107  22320     6.62e+01    5.04e+01   -1.97e+00    8.33e+01
2015 03 26  0613   57107  22380     6.64e+01    5.03e+01   -1.27e+00    8.33e+01
2015 03 26  0614   57107  22440     6.67e+01    5.03e+01   -1.93e+00    8.36e+01
2015 03 26  0615   57107  22500     6.72e+01    5.04e+01   -1.46e+00    8.40e+01
2015 03 26  0616   57107  22560     6.70e+01    5.05e+01   -1.67e+00    8.39e+01
2015 03 26  0617   57107  22620     6.71e+01    5.05e+01   -2.14e+00    8.40e+01
2015 03 26  0618   57107  22680     6.73e+01    5.04e+01   -2.09e+00    8.41e+01
2015 03 26  0619   57107  22740     6.72e+01    5.05e+01   -2.25e+00    8.41e+01
2015 03 26  0620   57107  22800     6.73e+01    5.03e+01   -2.26e+00    8.40e+01
2015 03 26  0621   57107  22860     6.77e+01    4.99e+01   -2.67e+00    8.42e+01
2015 03 26  0622   57107  22920     6.79e+01    4.99e+01   -2.37e+00    8.43e+01
2015 03 26  0623   57107  22980     6.83e+01    4.98e+01   -2.50e+00    8.46e+01
2015 03 26  0624   57107  23040     6.90e+01    4.94e+01   -3.37e+00    8.49e+01
2015 03 26  0625   57107  23100     6.92e+01    4.97e+01   -3.42e+00    8.53e+01
2015 03 26  0626   57107  23160     6.88e+01    4.95e+01   -3.77e+00    8.49e+01
2015 03 26  0627   57107  23220     6.92e+01    4.93e+01   -3.95e+00    8.50e+01
2015 03 26  0628   57107  23280     6.87e+01    4.88e+01   -3.90e+00    8.43e+01
2015 03 26  0629   57107  23340     6.88e+01    4.88e+01   -5.14e+00    8.45e+01
2015 03 26  0630   57107  23400     6.86e+01    4.84e+01   -5.07e+00    8.42e+01
2015 03 26  0631   57107  23460     6.91e+01    4.89e+01   -6.14e+00    8.49e+01
2015 03 26  0632   57107  23520     6.89e+01    4.87e+01   -6.27e+00    8.46e+01
2015 03 26  0633   57107  23580     6.87e+01    4.87e+01   -6.90e+00    8.45e+01
2015 03 26  0634   57107  23640     6.90e+01    4.89e+01   -6.71e+00    8.48e+01
2015 03 26  0635   57107  23700     6.94e+01    4.90e+01   -7.40e+00    8.53e+01
2015 03 26  0636   57107  23760     6.98e+01    4.89e+01   -7.38e+00    8.56e+01
2015 03 26  0637   57107  23820     7.02e+01    4.93e+01   -7.35e+00    8.61e+01
2015 03 26  0638   57107  23880     7.05e+01    4.89e+01   -7.76e+00    8.62e+01
2015 03 26  0639   57107  23940     7.13e+01    4.89e+01   -6.99e+00    8.67e+01
2015 03 26  0640   57107  24000     7.18e+01    4.85e+01   -7.88e+00    8.70e+01
2015 03 26  0641   57107  24060     7.28e+01    4.85e+01   -7.03e+00    8.78e+01
2015 03 26  0642   57107  24120     7.33e+01    4.79e+01   -7.75e+00    8.79e+01
2015 03 26  0643   57107  24180     7.43e+01    4.81e+01   -7.16e+00    8.88e+01
2015 03 26  0644   57107  24240     7.49e+01    4.79e+01   -7.01e+00    8.92e+01
2015 03 26  0645   57107  24300     7.57e+01    4.73e+01   -7.11e+00    8.96e+01
2015 03 26  0646   57107  24360     7.65e+01    4.68e+01   -6.68e+00    9.00e+01
2015 03 26  0647   57107  24420     7.72e+01    4.69e+01   -6.70e+00    9.06e+01
2015 03 26  0648   57107  24480     7.78e+01    4.68e+01   -6.66e+00    9.10e+01
2015 03 26  0649   57107  24540     7.84e+01    4.67e+01   -6.65e+00    9.15e+01
2015 03 26  0650   57107  24600     7.87e+01    4.66e+01   -6.57e+00    9.17e+01
2015 03 26  0651   57107  24660     7.93e+01    4.62e+01   -5.66e+00    9.19e+01
2015 03 26  0652   57107  24720     7.94e+01    4.64e+01   -5.63e+00    9.21e+01
2015 03 26  0653   57107  24780     7.99e+01    4.62e+01   -5.14e+00    9.24e+01
2015 03 26  0654   57107  24840     8.02e+01    4.63e+01   -5.08e+00    9.28e+01
2015 03 26  0655   57107  24900     8.03e+01    4.66e+01   -4.78e+00    9.30e+01
2015 03 26  0656   57107  24960     8.04e+01    4.71e+01   -4.81e+00    9.33e+01
2015 03 26  0657   57107  25020     8.03e+01    4.70e+01   -4.34e+00    9.32e+01
2015 03 26  0658   57107  25080     8.05e+01    4.66e+01   -4.18e+00    9.31e+01
2015 03 26  0659   57107  25140     8.06e+01    4.60e+01   -3.78e+00    9.28e+01
2015 03 26  0700   57107  25200     8.08e+01    4.56e+01   -3.88e+00    9.28e+01
2015 03 26  0701   57107  25260     8.08e+01    4.54e+01   -3.80e+00    9.28e+01
2015 03 26  0702   57107  25320     8.10e+01    4.52e+01   -3.61e+00    9.28e+01
2015 03 26  0703   57107  25380     8.11e+01    4.52e+01   -3.39e+00    9.29e+01
2015 03 26  0704   57107  25440     8.10e+01    4.49e+01   -3.27e+00    9.27e+01
2015 03 26  0705   57107  25500     8.08e+01    4.49e+01   -3.12e+00    9.25e+01
2015 03 26  0706   57107  25560     8.11e+01    4.54e+01   -3.29e+00    9.30e+01
2015 03 26  0707   57107  25620     8.09e+01    4.60e+01   -3.43e+00    9.32e+01
2015 03 26  0708   57107  25680     8.10e+01    4.65e+01   -3.77e+00    9.34e+01
2015 03 26  0709   57107  25740     8.12e+01    4.70e+01   -3.43e+00    9.39e+01
2015 03 26  0710   57107  25800     8.11e+01    4.69e+01   -2.88e+00    9.37e+01
2015 03 26  0711   57107  25860     8.20e+01    4.62e+01   -2.33e+00    9.41e+01
2015 03 26  0712   57107  25920     8.18e+01    4.77e+01   -2.57e+00    9.47e+01
2015 03 26  0713   57107  25980     8.15e+01    4.79e+01   -2.12e+00    9.46e+01
2015 03 26  0714   57107  26040     8.23e+01    4.75e+01   -2.70e+00    9.51e+01
2015 03 26  0715   57107  26100     8.23e+01    4.76e+01   -2.24e+00    9.51e+01
2015 03 26  0716   57107  26160     8.22e+01    4.78e+01   -2.16e+00    9.51e+01
2015 03 26  0717   57107  26220     8.23e+01    4.76e+01   -2.24e+00    9.51e+01
2015 03 26  0718   57107  26280     8.19e+01    4.82e+01   -2.30e+00    9.50e+01
2015 03 26  0719   57107  26340     8.19e+01    4.85e+01   -2.19e+00    9.52e+01
2015 03 26  0720   57107  26400     8.19e+01    4.85e+01   -2.05e+00    9.52e+01
2015 03 26  0721   57107  26460     8.18e+01    4.85e+01   -2.08e+00    9.51e+01
2015 03 26  0722   57107  26520     8.14e+01    4.97e+01   -2.73e+00    9.54e+01
2015 03 26  0723   57107  26580     8.13e+01    5.03e+01   -2.99e+00    9.57e+01
2015 03 26  0724   57107  26640     8.15e+01    5.01e+01   -2.85e+00    9.57e+01
2015 03 26  0725   57107  26700     8.24e+01    4.87e+01   -2.79e+00    9.58e+01
2015 03 26  0726   57107  26760     8.24e+01    4.82e+01   -2.34e+00    9.55e+01
2015 03 26  0727   57107  26820     8.23e+01    4.83e+01   -2.48e+00    9.54e+01
2015 03 26  0728   57107  26880     8.25e+01    4.80e+01   -2.38e+00    9.55e+01
2015 03 26  0729   57107  26940     8.27e+01    4.79e+01   -2.05e+00    9.56e+01
2015 03 26  0730   57107  27000     8.28e+01    4.81e+01   -2.42e+00    9.58e+01
2015 03 26  0731   57107  27060     8.28e+01    4.83e+01   -2.19e+00    9.59e+01
2015 03 26  0732   57107  27120     8.26e+01    4.87e+01   -2.66e+00    9.59e+01
2015 03 26  0733   57107  27180     8.27e+01    4.88e+01   -2.45e+00    9.61e+01
2015 03 26  0734   57107  27240     8.30e+01    4.86e+01   -2.58e+00    9.62e+01
2015 03 26  0735   57107  27300     8.34e+01    4.83e+01   -2.67e+00    9.64e+01
2015 03 26  0736   57107  27360     8.40e+01    4.80e+01   -2.75e+00    9.67e+01
2015 03 26  0737   57107  27420     8.43e+01    4.76e+01   -3.20e+00    9.68e+01
2015 03 26  0738   57107  27480     8.42e+01    4.77e+01   -3.07e+00    9.68e+01
2015 03 26  0739   57107  27540     8.47e+01    4.74e+01   -3.36e+00    9.72e+01
2015 03 26  0740   57107  27600     8.54e+01    4.74e+01   -3.61e+00    9.77e+01
2015 03 26  0741   57107  27660     8.53e+01    4.72e+01   -3.66e+00    9.76e+01
2015 03 26  0742   57107  27720     8.54e+01    4.74e+01   -3.49e+00    9.77e+01
2015 03 26  0743   57107  27780     8.54e+01    4.65e+01   -3.41e+00    9.73e+01
2015 03 26  0744   57107  27840     8.59e+01    4.63e+01   -3.39e+00    9.76e+01
2015 03 26  0745   57107  27900     8.57e+01    4.58e+01   -3.28e+00    9.73e+01
2015 03 26  0746   57107  27960     8.59e+01    4.57e+01   -3.19e+00    9.73e+01
2015 03 26  0747   57107  28020     8.61e+01    4.52e+01   -3.15e+00    9.73e+01
2015 03 26  0748   57107  28080     8.63e+01    4.51e+01   -2.68e+00    9.74e+01
2015 03 26  0749   57107  28140     8.63e+01    4.50e+01   -2.76e+00    9.74e+01
2015 03 26  0750   57107  28200     8.65e+01    4.49e+01   -2.61e+00    9.75e+01
2015 03 26  0751   57107  28260     8.62e+01    4.54e+01   -2.52e+00    9.75e+01
2015 03 26  0752   57107  28320     8.59e+01    4.64e+01   -2.58e+00    9.77e+01
2015 03 26  0753   57107  28380     8.66e+01    4.68e+01   -2.34e+00    9.84e+01
2015 03 26  0754   57107  28440     8.67e+01    4.71e+01   -2.72e+00    9.87e+01
2015 03 26  0755   57107  28500     8.69e+01    4.75e+01   -2.73e+00    9.90e+01
2015 03 26  0756   57107  28560     8.72e+01    4.68e+01   -2.41e+00    9.90e+01
2015 03 26  0757   57107  28620     8.74e+01    4.66e+01   -2.31e+00    9.90e+01
2015 03 26  0758   57107  28680     8.78e+01    4.67e+01   -1.96e+00    9.94e+01
2015 03 26  0759   57107  28740     8.80e+01    4.67e+01   -1.91e+00    9.97e+01
2015 03 26  0800   57107  28800     8.84e+01    4.67e+01   -1.78e+00    1.00e+02
2015 03 26  0801   57107  28860     8.87e+01    4.62e+01   -1.93e+00    1.00e+02
2015 03 26  0802   57107  28920     8.84e+01    4.67e+01   -1.67e+00    1.00e+02
2015 03 26  0803   57107  28980     8.84e+01    4.69e+01   -1.61e+00    1.00e+02
2015 03 26  0804   57107  29040     8.84e+01    4.69e+01   -1.59e+00    1.00e+02
2015 03 26  0805   57107  29100     8.83e+01    4.69e+01   -1.68e+00    1.00e+02
2015 03 26  0806   57107  29160     8.81e+01    4.72e+01   -1.64e+00    9.99e+01
2015 03 26  0807   57107  29220     8.80e+01    4.75e+01   -1.66e+00    1.00e+02
2015 03 26  0808   57107  29280     8.79e+01    4.76e+01   -1.69e+00    1.00e+02
2015 03 26  0809   57107  29340     8.82e+01    4.77e+01   -1.78e+00    1.00e+02
2015 03 26  0810   57107  29400     8.81e+01    4.79e+01   -1.84e+00    1.00e+02
2015 03 26  0811   57107  29460     8.82e+01    4.79e+01   -1.90e+00    1.00e+02
2015 03 26  0812   57107  29520     8.82e+01    4.80e+01   -1.91e+00    1.00e+02
2015 03 26  0813   57107  29580     8.83e+01    4.80e+01   -2.32e+00    1.00e+02
2015 03 26  0814   57107  29640     8.83e+01    4.78e+01   -2.30e+00    1.00e+02
2015 03 26  0815   57107  29700     8.86e+01    4.76e+01   -2.41e+00    1.01e+02
2015 03 26  0816   57107  29760     8.88e+01    4.73e+01   -2.38e+00    1.01e+02
2015 03 26  0817   57107  29820     8.89e+01    4.71e+01   -2.43e+00    1.01e+02
2015 03 26  0818   57107  29880     8.90e+01    4.71e+01   -2.56e+00    1.01e+02
2015 03 26  0819   57107  29940     8.91e+01    4.72e+01   -2.25e+00    1.01e+02
2015 03 26  0820   57107  30000     8.91e+01    4.72e+01   -2.13e+00    1.01e+02
2015 03 26  0821   57107  30060     8.90e+01    4.72e+01   -2.04e+00    1.01e+02
2015 03 26  0822   57107  30120     8.90e+01    4.73e+01   -1.85e+00    1.01e+02
2015 03 26  0823   57107  30180     8.90e+01    4.72e+01   -1.84e+00    1.01e+02
2015 03 26  0824   57107  30240     8.91e+01    4.72e+01   -1.89e+00    1.01e+02
2015 03 26  0825   57107  30300     8.92e+01    4.71e+01   -1.78e+00    1.01e+02
2015 03 26  0826   57107  30360     8.93e+01    4.72e+01   -1.74e+00    1.01e+02
2015 03 26  0827   57107  30420     8.94e+01    4.71e+01   -1.54e+00    1.01e+02
2015 03 26  0828   57107  30480     8.94e+01    4.73e+01   -1.56e+00    1.01e+02
2015 03 26  0829   57107  30540     8.95e+01    4.73e+01   -1.51e+00    1.01e+02
2015 03 26  0830   57107  30600     8.96e+01    4.76e+01   -1.53e+00    1.01e+02
2015 03 26  0831   57107  30660     8.98e+01    4.76e+01   -1.35e+00    1.02e+02
2015 03 26  0832   57107  30720     9.02e+01    4.77e+01   -1.39e+00    1.02e+02
2015 03 26  0833   57107  30780     9.03e+01    4.77e+01   -1.31e+00    1.02e+02
2015 03 26  0834   57107  30840     9.03e+01    4.78e+01   -1.20e+00    1.02e+02
2015 03 26  0835   57107  30900     9.06e+01    4.79e+01   -1.25e+00    1.02e+02
2015 03 26  0836   57107  30960     9.05e+01    4.79e+01   -1.22e+00    1.02e+02
2015 03 26  0837   57107  31020     9.07e+01    4.79e+01   -1.18e+00    1.03e+02
2015 03 26  0838   57107  31080     9.07e+01    4.77e+01   -1.09e+00    1.03e+02
2015 03 26  0839   57107  31140     9.07e+01    4.78e+01   -9.28e-01    1.03e+02
2015 03 26  0840   57107  31200     9.08e+01    4.78e+01   -9.84e-01    1.03e+02
2015 03 26  0841   57107  31260     9.08e+01    4.77e+01   -1.05e+00    1.03e+02
2015 03 26  0842   57107  31320     9.09e+01    4.75e+01   -1.03e+00    1.03e+02
2015 03 26  0843   57107  31380     9.09e+01    4.75e+01   -9.64e-01    1.03e+02
2015 03 26  0844   57107  31440     9.08e+01    4.74e+01   -8.94e-01    1.02e+02
2015 03 26  0845   57107  31500     9.09e+01    4.73e+01   -9.98e-01    1.03e+02
2015 03 26  0846   57107  31560     9.09e+01    4.73e+01   -8.32e-01    1.02e+02
2015 03 26  0847   57107  31620     9.10e+01    4.72e+01   -9.42e-01    1.03e+02
2015 03 26  0848   57107  31680     9.09e+01    4.72e+01   -8.11e-01    1.02e+02
2015 03 26  0849   57107  31740     9.10e+01    4.72e+01   -8.66e-01    1.03e+02
2015 03 26  0850   57107  31800     9.09e+01    4.72e+01   -8.77e-01    1.02e+02
2015 03 26  0851   57107  31860     9.11e+01    4.72e+01   -7.51e-01    1.03e+02
2015 03 26  0852   57107  31920     9.10e+01    4.71e+01   -9.61e-01    1.02e+02
2015 03 26  0853   57107  31980     9.10e+01    4.72e+01   -7.02e-01    1.03e+02
2015 03 26  0854   57107  32040     9.08e+01    4.71e+01   -8.68e-01    1.02e+02
2015 03 26  0855   57107  32100     9.09e+01    4.71e+01   -9.23e-01    1.02e+02
2015 03 26  0856   57107  32160     9.09e+01    4.71e+01   -1.02e+00    1.02e+02
2015 03 26  0857   57107  32220     9.08e+01    4.70e+01   -1.06e+00    1.02e+02
2015 03 26  0858   57107  32280     9.08e+01    4.71e+01   -1.06e+00    1.02e+02
2015 03 26  0859   57107  32340     9.07e+01    4.70e+01   -1.01e+00    1.02e+02
2015 03 26  0900   57107  32400     9.06e+01    4.70e+01   -8.82e-01    1.02e+02
